0 0.534375 0.3 0.090625 0.05625
0 0.709375 0.31875 0.1109375 0.06875
0 0.384375 0.340625 0.1046875 0.0640625
0 0.903125 0.2390625 0.190625 0.13125
2 0.3671875 0.4984375 0.1453125 0.1640625
2 0.553125 0.446875 0.125 0.1375
2 0.728125 0.4625 0.1578125 0.1359375
2 0.89609375 0.50625 0.2078125 0.23125
0 0.5328125 0.0453125 0.078125 0.0515625
3 0.3828125 0.0140625 0.08125 0.028125
3 0.7109375 0.028125 0.0984375 0.0515625
3 0.903125 0.103125 0.1921875 0.128125
3 0.903125 0.0796875 0.19375 0.159375
3 0.534375 0.03125 0.0921875 0.0609375
3 0.7171875 0.471875 0.1859375 0.3828125
3 0.84609375 0.46875 0.3078125 0.596875
3 0.8578125 0.9 0.284375 0.196875
3 0.521875 0.4828125 0.225 0.425
3 0.378125 0.51875 0.1875 0.4234375