0 0.1078125 0.4015625 0.0703125 0.065625
1 0.3203125 0.6296875 0.1140625 0.0578125
1 0.4171875 0.5484375 0.11875 0.0734375
1 0.6625 0.446875 0.1125 0.1171875
1 0.625 0.1390625 0.0796875 0.0484375
1 0.471875 0.16875 0.0625 0.0390625
1 0.3125 0.228125 0.0359375 0.0203125
2 0.1953125 0.509375 0.134375 0.128125
2 0.2796875 0.8328125 0.3078125 0.3171875
2 0.44375 0.696875 0.121875 0.1828125
2 0.775 0.5875 0.2609375 0.2609375
2 0.64375 0.3046875 0.1609375 0.159375
2 0.475 0.321875 0.1078125 0.184375
2 0.31875 0.29375 0.06875 0.0609375
3 0.315625 0.34375 0.0921875 0.259375
3 0.16875 0.534375 0.1890625 0.334375
3 0.3375 0.796875 0.4390625 0.4015625
3 0.459375 0.70625 0.2375 0.428125
3 0.759375 0.6515625 0.3921875 0.53125
3 0.475 0.353125 0.159375 0.41875
3 0.65 0.3296875 0.20625 0.44375