0 0.190625 0.240625 0.1546875 0.0890625
0 0.946875 0.265625 0.05625 0.04375
0 0.5203125 0.315625 0.109375 0.09375
0 0.8234375 0.221875 0.1046875 0.06875
0 0.8203125 0.0546875 0.103125 0.0609375
0 0.1765625 0.046875 0.1359375 0.08125
2 0.834375 0.428125 0.15625 0.221875
2 0.965625 0.3984375 0.0671875 0.1390625
2 0.4828125 0.553125 0.184375 0.284375
2 0.13125 0.546875 0.196875 0.415625
0 0.878125 0.275 0.034375 0.0328125
3 0.8796875 0.2875 0.04375 0.065625
3 0.953125 0.459375 0.0921875 0.4421875
3 0.828125 0.04375 0.125 0.0859375
3 0.453125 0.571875 0.2625 0.609375
3 0.825 0.546875 0.184375 0.721875
3 0.159375 0.55 0.31875 0.725