3 0.96875 0.625 0.0625 0.7453125
3 0.965625 0.109375 0.06875 0.215625
3 0.553125 0.1140625 0.2953125 0.225
3 0.4234375 0.115625 0.228125 0.225
3 0.0640625 0.103125 0.128125 0.1984375
3 0.0953125 0.515625 0.190625 0.559375
3 0.08125 0.89609375 0.1625 0.2046875
3 0.440625 0.4828125 0.2328125 0.5203125
3 0.5484375 0.5625 0.2921875 0.6953125
2 0.0625 0.5046875 0.1234375 0.45625
2 0.059375 0.096875 0.1171875 0.1734375
2 0.96875 0.075 0.0609375 0.1453125
2 0.971875 0.371875 0.05625 0.1796875
4 0.540625 0.3890625 0.234375 0.253125
4 0.4 0.38125 0.109375 0.225
4 0.403125 0.084375 0.1015625 0.165625
4 0.5453125 0.0875 0.2203125 0.1671875
0 0.6265625 0.1859375 0.115625 0.0625
0 0.4765625 0.1828125 0.1140625 0.071875
0 0.48125 0.2546875 0.11875 0.0796875
0 0.621875 0.2578125 0.121875 0.0796875