0 0.2734375 0.4625 0.0859375 0.04375
0 0.4625 0.459375 0.0640625 0.0484375
0 0.3390625 0.515625 0.034375 0.0375
0 0.621875 0.0484375 0.0765625 0.084375
0 0.625 0.2875 0.084375 0.075
4 0.203125 0.590625 0.16875 0.1125
2 0.3078125 0.5859375 0.0609375 0.053125
2 0.484375 0.559375 0.0921875 0.115625
2 0.80625 0.390625 0.2546875 0.221875
2 0.765625 0.028125 0.1546875 0.0515625
3 0.78125 0.48125 0.4375 0.465625
3 0.2171875 0.5671875 0.3484375 0.2703125
3 0.3078125 0.5578125 0.0859375 0.1265625
3 0.45625 0.6046875 0.1703125 0.3421875