3 0.1375 0.528125 0.275 0.9421875
3 0.38046875 0.59921875 0.1828125 0.8015625
3 0.615625 0.590625 0.2234375 0.8171875
3 0.91796875 0.62421875 0.1640625 0.7515625
3 0.75 0.6421875 0.1859375 0.5921875
3 0.871875 0.425 0.0734375 0.1515625
3 0.49375 0.4171875 0.0515625 0.1375
3 0.290625 0.575 0.0921875 0.534375
0 0.146875 0.1203125 0.1234375 0.128125
0 0.390625 0.246875 0.0859375 0.0796875
0 0.29375 0.33125 0.053125 0.046875
0 0.540625 0.325 0.059375 0.0546875
0 0.6375 0.2375 0.08125 0.1046875
0 0.784375 0.36875 0.0578125 0.05625
0 0.884375 0.365625 0.0296875 0.034375
0 0.959375 0.290625 0.08125 0.1078125
2 0.140625 0.4625 0.1953125 0.38125
2 0.371875 0.490625 0.1265625 0.2640625
2 0.54375 0.4734375 0.0859375 0.1890625
2 0.63125 0.478125 0.10625 0.2578125
2 0.7640625 0.5375 0.0671875 0.203125
2 0.934375 0.5265625 0.11875 0.240625