0 0.328125 0.346875 0.14375 0.090625
0 0.296875 0.1375 0.0875 0.040625
0 0.321875 0.11875 0.059375 0.0265625
0 0.384375 0.153125 0.04375 0.0328125
0 0.425 0.2203125 0.0390625 0.040625
0 0.58125 0.1875 0.03125 0.0203125
0 0.66875 0.15625 0.0515625 0.034375
0 0.90859375 0.228125 0.1828125 0.096875
0 0.7875 0.2671875 0.125 0.109375
0 0.18125 0.184375 0.028125 0.0171875
2 0.1703125 0.434375 0.2390625 0.1890625
2 0.803125 0.4328125 0.234375 0.175
2 0.94375 0.4734375 0.1125 0.2671875
2 0.6734375 0.240625 0.096875 0.096875
2 0.275 0.253125 0.1328125 0.1046875
2 0.35625 0.2078125 0.0625 0.0625
3 0.215625 0.5125 0.3671875 0.421875
3 0.2609375 0.25 0.1734375 0.271875
3 0.3546875 0.21875 0.1109375 0.1453125
3 0.815625 0.55625 0.3671875 0.75
3 0.7953125 0.44375 0.23125 0.4734375
3 0.684375 0.265625 0.1171875 0.2421875
3 0.56875 0.265625 0.0984375 0.1765625