0 0.184375 0.43125 0.0484375 0.0484375
0 0.25625 0.4609375 0.046875 0.034375
0 0.3625 0.45 0.0359375 0.034375
0 0.3375 0.4515625 0.03125 0.028125
0 0.421875 0.434375 0.04375 0.0328125
0 0.55625 0.38125 0.0703125 0.0546875
0 0.471875 0.4265625 0.0515625 0.034375
2 0.5875 0.8203125 0.0421875 0.034375
2 0.1609375 0.60625 0.0984375 0.1765625
2 0.2546875 0.621875 0.0921875 0.1640625
2 0.3671875 0.6265625 0.1234375 0.1734375
2 0.4703125 0.61875 0.0984375 0.1921875
2 0.5671875 0.625 0.1140625 0.234375
3 0.15 0.7109375 0.1578125 0.578125
3 0.2375 0.6984375 0.1421875 0.528125
3 0.35625 0.70625 0.1328125 0.553125
3 0.4734375 0.696875 0.09375 0.5734375