3 0.259375 0.703125 0.146875 0.5921875
3 0.3 0.7 0.084375 0.596875
3 0.3640625 0.68125 0.075 0.590625
3 0.4625 0.640625 0.13125 0.6453125
3 0.58125 0.69375 0.09375 0.4921875
0 0.215625 0.4546875 0.0625 0.0875
0 0.296875 0.4453125 0.0546875 0.059375
0 0.359375 0.4375 0.0515625 0.0578125
0 0.415625 0.48125 0.028125 0.08125
0 0.5625 0.484375 0.0515625 0.06875
2 0.2421875 0.634375 0.0859375 0.259375
2 0.3 0.6171875 0.078125 0.253125
2 0.3671875 0.6046875 0.05 0.2328125
2 0.471875 0.60625 0.0921875 0.1796875
2 0.58125 0.6 0.0859375 0.1796875