3 0.796875 0.6 0.09375 0.3296875
3 0.0734375 0.603125 0.115625 0.33125
3 0.3046875 0.6375 0.1171875 0.3671875
3 0.440625 0.6265625 0.0890625 0.240625
3 0.6140625 0.5875 0.0703125 0.325
3 0.45625 0.5875 0.0828125 0.23125
0 0.0375 0.45625 0.03125 0.040625
0 0.2796875 0.4796875 0.04375 0.040625
0 0.415625 0.5203125 0.025 0.040625
0 0.425 0.48125 0.034375 0.028125
0 0.625 0.45 0.028125 0.0390625
0 0.78125 0.446875 0.03125 0.0328125
2 0.065625 0.534375 0.0703125 0.109375
2 0.296875 0.6015625 0.0625 0.1515625
2 0.45625 0.5765625 0.05 0.0828125
2 0.471875 0.54375 0.028125 0.0859375
2 0.6078125 0.528125 0.03125 0.096875
2 0.79375 0.553125 0.0375 0.1234375