3 0.090625 0.575 0.128125 0.440625
3 0.2359375 0.5625 0.1359375 0.5234375
3 0.3234375 0.625 0.1078125 0.5828125
3 0.421875 0.575 0.103125 0.4875
3 0.5265625 0.5875 0.1421875 0.559375
3 0.7140625 0.609375 0.1078125 0.5859375
3 0.828125 0.5609375 0.1125 0.5203125
1 0.078125 0.39375 0.0390625 0.0734375
1 0.328125 0.3875 0.040625 0.090625
1 0.425 0.38125 0.034375 0.071875
1 0.521875 0.353125 0.0359375 0.0859375
1 0.6078125 0.371875 0.0203125 0.046875
1 0.6796875 0.375 0.01875 0.0296875
1 0.7125 0.3765625 0.04375 0.078125
1 0.8234375 0.3421875 0.0296875 0.065625
0 0.240625 0.328125 0.034375 0.046875
2 0.0765625 0.50625 0.090625 0.16875
2 0.240625 0.475 0.078125 0.178125
2 0.321875 0.525 0.0734375 0.1953125
2 0.425 0.4734375 0.0625 0.153125
2 0.525 0.4765625 0.10625 0.20625
2 0.6125 0.45 0.0390625 0.1234375
2 0.7125 0.484375 0.075 0.1765625
2 0.83125 0.46875 0.065625 0.18125