3 0.115625 0.271875 0.13125 0.2640625
3 0.08359375 0.64609375 0.1671875 0.7078125
3 0.221875 0.6375 0.290625 0.7234375
3 0.3546875 0.596875 0.203125 0.8046875
3 0.5078125 0.5671875 0.3515625 0.865625
3 0.7859375 0.6203125 0.2984375 0.759375
3 0.703125 0.315625 0.175 0.3703125
3 0.578125 0.284375 0.1609375 0.2734375
3 0.396875 0.175 0.115625 0.2203125
3 0.9171875 0.25 0.165625 0.3578125
0 0.08125 0.359375 0.128125 0.134375
0 0.103125 0.203125 0.0921875 0.109375
0 0.2125 0.3609375 0.128125 0.1625
0 0.35 0.25 0.1 0.1140625
0 0.278125 0.184375 0.0875 0.0734375
0 0.2375 0.109375 0.0546875 0.0421875
0 0.3078125 0.15 0.0609375 0.0625
0 0.35 0.071875 0.0453125 0.0359375
0 0.403125 0.115625 0.0734375 0.084375
0 0.5171875 0.09375 0.06875 0.0703125
0 0.478125 0.2140625 0.1125 0.134375
0 0.571875 0.184375 0.065625 0.0859375
0 0.6375 0.2390625 0.096875 0.121875
0 0.70625 0.1765625 0.078125 0.0953125
0 0.771875 0.159375 0.06875 0.0859375
0 0.6375 0.103125 0.0734375 0.0734375
0 0.5625 0.075 0.059375 0.065625
0 0.715625 0.06875 0.0640625 0.071875
0 0.909375 0.115625 0.0921875 0.0921875
0 0.821875 0.3203125 0.1125 0.15625
2 0.2265625 0.7640625 0.234375 0.415625
2 0.4875 0.6125 0.2546875 0.4875
2 0.8 0.703125 0.2 0.5359375