3 0.1171875 0.54375 0.109375 0.3828125
3 0.26875 0.60625 0.1265625 0.6078125
3 0.4078125 0.565625 0.1265625 0.5421875
3 0.5015625 0.5625 0.1046875 0.4234375
3 0.6 0.575 0.109375 0.43125
3 0.825 0.603125 0.0953125 0.471875
3 0.89375 0.5609375 0.06875 0.35625
0 0.10625 0.3546875 0.040625 0.0375
0 0.28125 0.3296875 0.0625 0.0640625
0 0.403125 0.328125 0.05625 0.0546875
0 0.496875 0.36875 0.0453125 0.0390625
0 0.6078125 0.375 0.0390625 0.0515625
0 0.825 0.39375 0.0453125 0.0515625
0 0.884375 0.409375 0.040625 0.0328125
2 0.109375 0.4875 0.0625 0.125
2 0.278125 0.4953125 0.09375 0.2203125
2 0.4125 0.478125 0.0921875 0.1984375
2 0.50625 0.49375 0.0671875 0.15
2 0.6125 0.5140625 0.075 0.1609375
2 0.825 0.5375 0.0640625 0.1828125
2 0.890625 0.5125 0.0609375 0.140625