0 0.228125 0.0875 0.165625 0.175
0 0.0421875 0.225 0.084375 0.1203125
0 0.378125 0.2796875 0.0796875 0.0875
0 0.4375 0.259375 0.075 0.1015625
0 0.58125 0.184375 0.1171875 0.0984375
0 0.7921875 0.190625 0.2015625 0.1515625
2 0.159375 0.43125 0.221875 0.4703125
2 0.60625 0.4796875 0.121875 0.340625
2 0.8140625 0.55625 0.2 0.3609375
2 0.496875 0.45 0.1125 0.2078125
3 0.178125 0.5 0.35625 1
3 0.81875 0.55859375 0.28125 0.8828125
3 0.5375 0.5671875 0.3359375 0.8640625
3 0.48125 0.4625 0.1703125 0.5140625
3 0.3890625 0.484375 0.18125 0.5046875