3 0.12734375 0.64921875 0.2046875 0.7015625
3 0.328125 0.65234375 0.15625 0.6953125
3 0.43984375 0.64609375 0.1421875 0.7078125
3 0.628125 0.6375 0.1578125 0.7234375
3 0.753125 0.634375 0.1734375 0.70625
3 0.865625 0.659375 0.1875 0.68125
0 0.13125 0.3546875 0.121875 0.1140625
0 0.334375 0.3375 0.0734375 0.0671875
0 0.4546875 0.334375 0.08125 0.078125
0 0.6328125 0.309375 0.071875 0.0671875
0 0.753125 0.315625 0.0625 0.0609375
0 0.8703125 0.3625 0.090625 0.0875
2 0.13125 0.6046875 0.178125 0.2734375
2 0.315625 0.56875 0.1234375 0.2609375
2 0.4484375 0.5703125 0.11875 0.25625
2 0.6328125 0.525 0.1125 0.203125
2 0.7625 0.50625 0.125 0.2140625
2 0.875 0.5453125 0.1234375 0.184375