3 0.3109375 0.571875 0.1421875 0.7109375
3 0.4640625 0.60625 0.1609375 0.7875
3 0.228125 0.5484375 0.1046875 0.4875
3 0.61875 0.5796875 0.1546875 0.7390625
3 0.765625 0.5671875 0.14375 0.56875
3 0.9140625 0.615625 0.171875 0.76875
3 0.1140625 0.546875 0.109375 0.4921875
0 0.1125 0.328125 0.0421875 0.0546875
0 0.0828125 0.3328125 0.0359375 0.0609375
0 0.140625 0.3546875 0.0296875 0.034375
0 0.2125 0.328125 0.0453125 0.05
0 0.29375 0.253125 0.0625 0.0640625
0 0.484375 0.246875 0.0640625 0.0703125
0 0.4359375 0.303125 0.0484375 0.0609375
0 0.546875 0.3359375 0.0546875 0.0640625
0 0.559375 0.2875 0.0328125 0.0359375
0 0.61875 0.246875 0.0671875 0.084375
0 0.6578125 0.3 0.0609375 0.0625
0 0.7078125 0.3375 0.034375 0.046875
0 0.7625 0.303125 0.05 0.0609375
0 0.790625 0.3375 0.028125 0.0390625
0 0.840625 0.325 0.04375 0.0484375
0 0.9125 0.265625 0.071875 0.0765625
2 0.10625 0.475 0.0859375 0.178125
2 0.2203125 0.4734375 0.06875 0.1796875
2 0.30625 0.484375 0.1234375 0.2921875
2 0.478125 0.49375 0.1109375 0.2734375
2 0.621875 0.4796875 0.1140625 0.275
2 0.7625 0.5203125 0.090625 0.29375
2 0.9046875 0.5203125 0.1125 0.321875