3 0.43671875 0.56171875 0.4796875 0.8765625
3 0.7671875 0.5171875 0.3 0.965625
0 0.421875 0.2046875 0.125 0.1625
0 0.184375 0.15625 0.05625 0.0703125
0 0.225 0.15625 0.040625 0.053125
0 0.253125 0.1765625 0.0453125 0.0484375
0 0.31875 0.1703125 0.0328125 0.0484375
0 0.359375 0.16875 0.0453125 0.0578125
0 0.484375 0.1125 0.0828125 0.09375
0 0.596875 0.08125 0.0609375 0.0546875
0 0.759375 0.0765625 0.1640625 0.153125
0 0.9265625 0.0875 0.125 0.1296875
2 0.503125 0.471875 0.2359375 0.4734375
2 0.7875 0.5703125 0.2421875 0.634375
2 0.2265625 0.3125 0.10625 0.1984375
2 0.609375 0.2140625 0.1109375 0.096875