3 0.284375 0.6109375 0.14375 0.6765625
3 0.403125 0.553125 0.1125 0.4078125
3 0.56875 0.628125 0.0921875 0.5578125
3 0.68125 0.68359375 0.109375 0.6328125
0 0.2546875 0.3109375 0.059375 0.0640625
0 0.4015625 0.3625 0.0390625 0.0390625
0 0.5609375 0.3734375 0.04375 0.04375
1 0.684375 0.41875 0.065625 0.09375
1 0.29375 0.40625 0.0296875 0.0515625
2 0.265625 0.51875 0.0609375 0.2546875
2 0.403125 0.496875 0.0609375 0.1671875
2 0.5625 0.521875 0.0546875 0.1578125
2 0.6734375 0.578125 0.084375 0.2390625