3 0.10625 0.56875 0.1671875 0.7671875
3 0.3359375 0.559375 0.1359375 0.7390625
3 0.4796875 0.5984375 0.1359375 0.7890625
3 0.6453125 0.6 0.153125 0.79375
3 0.821875 0.575 0.2015625 0.8328125
3 0.196875 0.503125 0.0875 0.5515625
0 0.115625 0.221875 0.0640625 0.0671875
0 0.34375 0.225 0.059375 0.0578125
0 0.465625 0.2375 0.05 0.059375
0 0.5 0.24375 0.06875 0.078125
0 0.6375 0.2375 0.0640625 0.0796875
0 0.83125 0.2 0.0859375 0.0796875
0 0.75625 0.275 0.0421875 0.0328125
0 0.703125 0.296875 0.0390625 0.046875
1 0.421875 0.275 0.0234375 0.0359375
1 0.228125 0.278125 0.0421875 0.0796875
1 0.578125 0.28125 0.021875 0.03125
2 0.1125 0.415625 0.1671875 0.20625
2 0.346875 0.425 0.134375 0.203125
2 0.503125 0.4453125 0.1359375 0.190625
2 0.640625 0.44375 0.153125 0.2140625
2 0.8453125 0.421875 0.165625 0.203125