3 0.146875 0.57109375 0.29375 0.8578125
3 0.1984375 0.578125 0.1625 0.740625
3 0.36875 0.59375 0.13125 0.6765625
3 0.48046875 0.60546875 0.1578125 0.7890625
3 0.6125 0.559375 0.1125 0.5265625
3 0.725 0.590625 0.11875 0.6859375
3 0.871875 0.603125 0.1953125 0.7921875
3 0.95546875 0.58359375 0.0890625 0.6515625
1 0.0984375 0.26875 0.14375 0.2609375
0 0.203125 0.265625 0.1015625 0.1203125
0 0.35 0.296875 0.0609375 0.075
0 0.478125 0.2546875 0.090625 0.0828125
0 0.59375 0.325 0.05 0.0546875
0 0.7125 0.284375 0.071875 0.0734375
0 0.878125 0.25 0.0921875 0.090625
0 0.946875 0.29375 0.0703125 0.0703125
2 0.4875 0.51875 0.1609375 0.3109375
2 0.2140625 0.596875 0.14375 0.425
2 0.140625 0.65859375 0.271875 0.6828125
2 0.3625 0.490625 0.128125 0.2515625
2 0.609375 0.496875 0.0984375 0.2375
2 0.709375 0.48125 0.115625 0.2484375
2 0.86875 0.515625 0.1375 0.3328125