3 0.371875 0.6046875 0.240625 0.790625
3 0.4546875 0.6 0.35 0.8
3 0.684375 0.5359375 0.259375 0.928125
3 0.921875 0.5 0.15625 1
1 0.625 0.190625 0.1265625 0.240625
1 0.9625 0.121875 0.0734375 0.24375
1 0.90625 0.303125 0.084375 0.1734375
1 0.509375 0.3015625 0.1 0.2109375
1 0.403125 0.321875 0.1015625 0.1859375
1 0.3140625 0.375 0.0546875 0.1265625
2 0.3859375 0.4875 0.146875 0.1953125
2 0.5171875 0.6546875 0.125 0.4640625
2 0.709375 0.50625 0.153125 0.4203125
2 0.9546875 0.55 0.090625 0.5796875