3 0.4765625 0.85 0.065625 0.3
3 0.4 0.884375 0.0765625 0.1796875
3 0.5375 0.8703125 0.0921875 0.234375
3 0.7484375 0.821875 0.0625 0.3546875
3 0.84375 0.7875 0.0453125 0.3578125
3 0.5875 0.2140625 0.0234375 0.146875
3 0.71875 0.1578125 0.028125 0.125
3 0.8015625 0.19375 0.03125 0.134375
3 0.1765625 0.171875 0.03125 0.1046875
3 0.1234375 0.1765625 0.025 0.13125
3 0.25 0.5515625 0.071875 0.1484375
3 0.3078125 0.621875 0.078125 0.1390625
0 0.125 0.1234375 0.025 0.021875
0 0.16875 0.125 0.0171875 0.015625
0 0.228125 0.496875 0.0265625 0.0390625
0 0.3125 0.5875 0.021875 0.0453125
0 0.378125 0.8140625 0.0375 0.0453125
0 0.465625 0.725 0.0390625 0.0671875
0 0.5046875 0.775 0.01875 0.0234375
0 0.7390625 0.671875 0.04375 0.0515625
0 0.8390625 0.628125 0.034375 0.0390625
0 0.590625 0.1484375 0.0203125 0.015625
0 0.715625 0.1109375 0.0171875 0.015625
0 0.8109375 0.1453125 0.01875 0.01875
2 0.403125 0.84375 0.053125 0.0734375
2 0.2625 0.528125 0.0515625 0.0734375
2 0.303125 0.584375 0.046875 0.0515625
2 0.475 0.834375 0.0484375 0.0984375
2 0.5390625 0.803125 0.071875 0.0703125
2 0.75 0.778125 0.04375 0.1359375
2 0.84375 0.74375 0.0359375 0.1296875