3 0.178125 0.7734375 0.346875 0.453125
3 0.590625 0.765625 0.2015625 0.3375
3 0.740625 0.728125 0.1140625 0.21875
3 0.9078125 0.7125 0.046875 0.1046875
3 0.984375 0.6890625 0.03125 0.084375
0 0.234375 0.5625 0.090625 0.034375
0 0.590625 0.6125 0.0703125 0.0359375
0 0.728125 0.63125 0.0265625 0.015625
0 0.9125 0.675 0.021875 0.0109375
0 0.9875 0.659375 0.015625 0.0140625
4 0.6140625 0.70625 0.1140625 0.109375
4 0.25 0.684375 0.1359375 0.16875
4 0.740625 0.690625 0.0859375 0.0796875
2 0.9109375 0.703125 0.03125 0.04375
2 0.9875 0.684375 0.025 0.0328125