3 0.3375 0.7625 0.1515625 0.43125
3 0.459375 0.765625 0.2015625 0.4296875
3 0.396875 0.5671875 0.103125 0.378125
3 0.5671875 0.6265625 0.1296875 0.690625
3 0.65625 0.6125 0.2125 0.7734375
1 0.3875 0.440625 0.0546875 0.1171875
1 0.31875 0.609375 0.075 0.109375
1 0.4578125 0.609375 0.075 0.125
1 0.584375 0.340625 0.0578125 0.125
0 0.6609375 0.2625 0.059375 0.06875
2 0.328125 0.765625 0.11875 0.2296875
2 0.4578125 0.74375 0.1734375 0.2484375
2 0.5859375 0.5109375 0.090625 0.2625
2 0.675 0.46875 0.178125 0.2109375
2 0.4046875 0.5296875 0.1125 0.165625