3 0.184375 0.54375 0.1328125 0.2703125
3 0.3625 0.628125 0.1125 0.0734375
3 0.475 0.4453125 0.1984375 0.465625
3 0.715625 0.4796875 0.275 0.375
3 0.89375 0.403125 0.2109375 0.471875
0 0.1765625 0.425 0.06875 0.0390625
0 0.340625 0.6 0.03125 0.01875
0 0.4515625 0.2421875 0.08125 0.065625
0 0.615625 0.3171875 0.0859375 0.05
0 0.8375 0.2171875 0.1078125 0.0609375
2 0.7 0.3921875 0.1171875 0.1109375
2 0.1921875 0.503125 0.0859375 0.13125
2 0.3875 0.621875 0.05625 0.034375
2 0.434375 0.325 0.1015625 0.178125
2 0.92109375 0.328125 0.1578125 0.178125