3 0.1453125 0.72421875 0.10625 0.5515625
3 0.21171875 0.73984375 0.0765625 0.5203125
3 0.2875 0.7359375 0.0921875 0.528125
3 0.4125 0.740625 0.1046875 0.51875
3 0.49375 0.73046875 0.115625 0.5390625
3 0.621875 0.7 0.1078125 0.6
3 0.803125 0.7015625 0.18125 0.596875
0 0.15625 0.490625 0.0765625 0.0890625
0 0.20625 0.50625 0.0609375 0.0453125
0 0.278125 0.4953125 0.0546875 0.05625
0 0.4109375 0.503125 0.05 0.05
0 0.4890625 0.4953125 0.0625 0.065625
0 0.6125 0.4375 0.0640625 0.0703125
0 0.8046875 0.440625 0.071875 0.0828125
2 0.1421875 0.721875 0.0859375 0.2890625
2 0.21875 0.7046875 0.071875 0.265625
2 0.296875 0.7140625 0.059375 0.2828125
2 0.4125 0.69375 0.0609375 0.25625
2 0.4953125 0.6875 0.065625 0.246875
2 0.625 0.6671875 0.084375 0.26875
2 0.8125 0.6578125 0.1171875 0.2578125