3 0.7875 0.3734375 0.0890625 0.315625
3 0.6515625 0.4703125 0.0984375 0.3359375
3 0.5515625 0.58125 0.0875 0.31875
3 0.4421875 0.671875 0.084375 0.3359375
3 0.3453125 0.753125 0.1015625 0.3359375
3 0.25 0.84375 0.1015625 0.3125
0 0.2625 0.70625 0.05 0.04375
0 0.3390625 0.59375 0.0421875 0.040625
0 0.446875 0.528125 0.0453125 0.0484375
0 0.55625 0.459375 0.04375 0.0546875
0 0.64375 0.3265625 0.0390625 0.05625
0 0.79375 0.2359375 0.0421875 0.053125
4 0.79375 0.34375 0.04375 0.140625
4 0.25625 0.8109375 0.0625 0.134375
4 0.340625 0.684375 0.0578125 0.13125
4 0.453125 0.640625 0.0625 0.1375
4 0.553125 0.5703125 0.059375 0.1609375
4 0.65625 0.41875 0.059375 0.1296875