3 0.140625 0.6234375 0.1 0.31875
3 0.1703125 0.3 0.0875 0.26875
3 0.246875 0.440625 0.0953125 0.2875
3 0.325 0.321875 0.1015625 0.275
3 0.478125 0.15625 0.0625 0.25625
3 0.5296875 0.45 0.075 0.2859375
3 0.646875 0.4375 0.0828125 0.28125
3 0.690625 0.30625 0.059375 0.2734375
3 0.915625 0.571875 0.1046875 0.3203125
3 0.96796875 0.82109375 0.0640625 0.3578125
0 0.1484375 0.48125 0.040625 0.0546875
0 0.16875 0.175 0.025 0.0328125
0 0.240625 0.321875 0.0390625 0.0453125
0 0.334375 0.190625 0.0328125 0.0296875
0 0.5125 0.30625 0.034375 0.040625
0 0.53125 0.275 0.028125 0.03125
0 0.4796875 0.046875 0.03125 0.0265625
0 0.66875 0.184375 0.0234375 0.0234375
0 0.64375 0.3171875 0.0265625 0.046875
0 0.928125 0.4296875 0.046875 0.040625
0 0.9734375 0.6609375 0.053125 0.065625
2 0.321875 0.2875 0.0640625 0.121875
2 0.171875 0.2625 0.06875 0.1234375
2 0.2421875 0.409375 0.0625 0.109375
2 0.1328125 0.5828125 0.08125 0.11875
2 0.521875 0.40625 0.0609375 0.11875
2 0.559375 0.321875 0.0625 0.1
2 0.484375 0.121875 0.0609375 0.103125
2 0.690625 0.29375 0.0703125 0.1171875
2 0.6421875 0.434375 0.08125 0.125
2 0.91875 0.515625 0.0921875 0.125
2 0.971875 0.796875 0.0546875 0.15625