3 0.115625 0.5140625 0.125 0.54375
3 0.3 0.5484375 0.1453125 0.6140625
3 0.4625 0.5 0.121875 0.584375
3 0.659375 0.503125 0.1171875 0.5078125
1 0.10625 0.2890625 0.0203125 0.08125
1 0.309375 0.28125 0.0453125 0.1015625
1 0.26875 0.2640625 0.0328125 0.078125
1 0.4640625 0.25625 0.040625 0.0890625
1 0.6234375 0.29375 0.034375 0.0546875
1 0.6703125 0.278125 0.040625 0.090625
2 0.45625 0.4140625 0.1046875 0.253125
2 0.2890625 0.48125 0.10625 0.2640625
2 0.11875 0.43125 0.1078125 0.215625
2 0.6640625 0.415625 0.084375 0.225
1 0.5453125 0.284375 0.0328125 0.0671875
2 0.534375 0.3703125 0.04375 0.1375
3 0.5375 0.4375 0.05 0.3796875
1 0.35 0.2859375 0.028125 0.0625
2 0.3453125 0.378125 0.046875 0.153125
3 0.3421875 0.434375 0.05 0.365625