3 0.046875 0.7046875 0.0921875 0.590625
3 0.315625 0.71875 0.1484375 0.5484375
3 0.51875 0.66875 0.1015625 0.4171875
3 0.653125 0.653125 0.1015625 0.378125
3 0.8125 0.63125 0.0671875 0.3640625
4 0.8046875 0.58125 0.0625 0.153125
4 0.046875 0.6671875 0.09375 0.25
4 0.29375 0.6609375 0.1109375 0.2234375
4 0.5125 0.590625 0.10625 0.1765625
4 0.634375 0.5953125 0.06875 0.175
4 0.7 0.575 0.059375 0.1359375
0 0.0484375 0.4625 0.0765625 0.0625
0 0.309375 0.471875 0.0546875 0.053125
0 0.5375 0.4796875 0.040625 0.0375
0 0.646875 0.4796875 0.025 0.028125
0 0.703125 0.4796875 0.0265625 0.028125
0 0.8125 0.465625 0.034375 0.03125