3 0.4671875 0.6875 0.0984375 0.5546875
3 0.709375 0.63125 0.090625 0.4921875
3 0.7828125 0.653125 0.0953125 0.5171875
3 0.91875 0.6921875 0.1078125 0.615625
0 0.678125 0.434375 0.0390625 0.040625
0 0.4671875 0.4390625 0.0515625 0.059375
0 0.709375 0.415625 0.040625 0.05
0 0.771875 0.4234375 0.0515625 0.0484375
0 0.9125 0.425 0.0640625 0.08125
1 0.978125 0.4734375 0.01875 0.034375
2 0.784375 0.55625 0.0703125 0.1328125
2 0.4765625 0.578125 0.06875 0.15625
2 0.709375 0.55 0.065625 0.1453125
2 0.9125 0.584375 0.084375 0.2
2 0.984375 0.525 0.0296875 0.0703125
3 0.97734375 0.546875 0.0453125 0.19375