3 0.10625 0.6859375 0.178125 0.628125
3 0.278125 0.6671875 0.1453125 0.665625
3 0.60625 0.6484375 0.1296875 0.6515625
3 0.74375 0.6421875 0.1515625 0.715625
3 0.915625 0.684375 0.15625 0.6296875
3 0.484375 0.55 0.0859375 0.3171875
0 0.0734375 0.4 0.06875 0.059375
0 0.2609375 0.365625 0.075 0.0671875
0 0.46875 0.40625 0.0359375 0.034375
0 0.509375 0.428125 0.0234375 0.0203125
0 0.5453125 0.4 0.03125 0.034375
0 0.603125 0.3625 0.059375 0.0828125
0 0.646875 0.36875 0.0296875 0.03125
0 0.7421875 0.3203125 0.078125 0.0671875
0 0.803125 0.396875 0.034375 0.046875
0 0.8515625 0.39375 0.05625 0.0625
0 0.909375 0.403125 0.0671875 0.0515625
2 0.0984375 0.609375 0.1625 0.271875
2 0.275 0.559375 0.1328125 0.2375
2 0.4828125 0.503125 0.08125 0.125
2 0.6015625 0.553125 0.11875 0.2453125
2 0.746875 0.5640625 0.125 0.315625
2 0.9140625 0.590625 0.134375 0.25625