3 0.14921875 0.61484375 0.2203125 0.7703125
3 0.3703125 0.653125 0.178125 0.6921875
3 0.49375 0.65546875 0.19375 0.6890625
3 0.63125 0.6578125 0.1359375 0.684375
3 0.7625 0.6515625 0.13125 0.696875
3 0.9046875 0.6625 0.190625 0.6734375
0 0.1375 0.2875 0.1015625 0.1234375
0 0.346875 0.3421875 0.0578125 0.078125
0 0.4671875 0.365625 0.0875 0.0796875
0 0.634375 0.359375 0.06875 0.0921875
0 0.7375 0.35 0.0703125 0.08125
0 0.93125 0.3734375 0.09375 0.103125
2 0.153125 0.65625 0.1859375 0.3328125
2 0.3578125 0.628125 0.16875 0.3671875
2 0.503125 0.625 0.165625 0.3
2 0.621875 0.6125 0.1421875 0.265625
2 0.7515625 0.590625 0.13125 0.259375
2 0.909375 0.646875 0.1796875 0.334375