3 0.1125 0.63125 0.1109375 0.38125
3 0.196875 0.671875 0.09375 0.44375
3 0.55 0.7265625 0.125 0.546875
3 0.671875 0.71796875 0.21875 0.5640625
3 0.865625 0.7171875 0.2125 0.5625
0 0.109375 0.46875 0.040625 0.04375
0 0.19375 0.471875 0.046875 0.046875
0 0.5515625 0.49375 0.090625 0.071875
0 0.6375 0.46875 0.0734375 0.0734375
0 0.878125 0.4890625 0.128125 0.1140625
4 0.8859375 0.796875 0.165625 0.4046875
4 0.55 0.78125 0.125 0.3546875
4 0.6421875 0.690625 0.128125 0.28125
4 0.1140625 0.5765625 0.084375 0.153125
4 0.20625 0.6 0.0546875 0.1765625