3 0.346875 0.571875 0.128125 0.603125
3 0.5296875 0.584375 0.121875 0.553125
3 0.6875 0.5765625 0.10625 0.5703125
0 0.35 0.309375 0.0609375 0.05625
0 0.55 0.3375 0.05625 0.0625
0 0.434375 0.3375 0.0453125 0.0390625
0 0.2609375 0.34375 0.034375 0.0234375
0 0.678125 0.309375 0.0484375 0.0421875
0 0.7375 0.2953125 0.0359375 0.04375
2 0.6828125 0.4765625 0.0875 0.221875
2 0.3515625 0.471875 0.09375 0.171875
2 0.2375 0.4453125 0.0546875 0.1125
2 0.4390625 0.471875 0.06875 0.165625
2 0.5375 0.4875 0.1078125 0.1921875
3 0.246875 0.49375 0.090625 0.3109375