3 0.1984375 0.496875 0.1703125 0.6171875
3 0.34375 0.4890625 0.1265625 0.565625
3 0.45 0.51875 0.121875 0.6203125
3 0.534375 0.478125 0.090625 0.4265625
3 0.653125 0.5 0.1171875 0.490625
3 0.846875 0.540625 0.14375 0.665625
0 0.915625 0.30625 0.0453125 0.0546875
0 0.859375 0.2375 0.0671875 0.065625
0 0.6546875 0.2875 0.05 0.0640625
0 0.5875 0.315625 0.0265625 0.046875
0 0.534375 0.284375 0.0390625 0.0390625
0 0.45 0.2421875 0.0640625 0.071875
0 0.4125 0.3 0.021875 0.03125
0 0.3484375 0.2359375 0.059375 0.05625
0 0.275 0.3 0.0203125 0.025
0 0.1890625 0.221875 0.06875 0.065625
2 0.190625 0.371875 0.146875 0.165625
2 0.35 0.38125 0.1109375 0.15625
2 0.44375 0.3890625 0.1109375 0.165625
2 0.5328125 0.3875 0.090625 0.1421875
2 0.65 0.4265625 0.125 0.1625
2 0.846875 0.4109375 0.1328125 0.175
2 0.909375 0.4203125 0.0625 0.115625