3 0.1421875 0.58984375 0.146875 0.8203125
3 0.296875 0.584375 0.1265625 0.6546875
3 0.45 0.58125 0.1375 0.659375
3 0.60625 0.58125 0.1828125 0.753125
3 0.70625 0.571875 0.1484375 0.6046875
3 0.8640625 0.61875 0.184375 0.7390625
0 0.15 0.228125 0.0828125 0.0796875
1 0.290625 0.315625 0.0625 0.1203125
1 0.446875 0.303125 0.053125 0.0953125
1 0.509375 0.2890625 0.0328125 0.084375
1 0.58125 0.2515625 0.0515625 0.1
1 0.73125 0.33125 0.0421875 0.1046875
0 0.884375 0.315625 0.0671875 0.1328125
0 0.3703125 0.3109375 0.05 0.04375
2 0.2890625 0.465625 0.09375 0.2203125
2 0.1359375 0.4421875 0.134375 0.2625
2 0.440625 0.45 0.115625 0.1890625
2 0.596875 0.4359375 0.15 0.2078125
2 0.721875 0.475 0.0984375 0.1984375
2 0.8828125 0.496875 0.14375 0.2828125