3 0.1375 0.5734375 0.203125 0.853125
3 0.253125 0.66875 0.1515625 0.6609375
3 0.42734375 0.66484375 0.1453125 0.6703125
3 0.603125 0.675 0.1328125 0.65
3 0.7109375 0.659375 0.1625 0.68125
3 0.871875 0.65625 0.1890625 0.6859375
0 0.85 0.353125 0.0828125 0.078125
0 0.7125 0.3625 0.0671875 0.071875
0 0.578125 0.4125 0.0828125 0.0671875
0 0.4578125 0.375 0.059375 0.0515625
0 0.303125 0.3953125 0.0484375 0.046875
0 0.25 0.3890625 0.0734375 0.075
0 0.1625 0.221875 0.1359375 0.1046875
0 0.0859375 0.321875 0.10625 0.109375
0 0.04375 0.371875 0.075 0.0984375
2 0.159375 0.6375 0.1359375 0.509375
2 0.2515625 0.61875 0.084375 0.3203125
2 0.2890625 0.6 0.0625 0.25
2 0.440625 0.56875 0.1203125 0.2625
2 0.596875 0.609375 0.1203125 0.2875
2 0.71875 0.5625 0.121875 0.2671875
2 0.8703125 0.653125 0.128125 0.4125