3 0.5875 0.63125 0.190625 0.7359375
3 0.25546875 0.67734375 0.2046875 0.6453125
3 0.390625 0.634375 0.1140625 0.553125
3 0.065625 0.671875 0.13125 0.65625
3 0.8796875 0.653125 0.2375 0.6921875
3 0.703125 0.6890625 0.078125 0.615625
0 0.0453125 0.4 0.0875 0.0921875
0 0.1140625 0.359375 0.0625 0.0625
0 0.2625 0.39375 0.075 0.0734375
0 0.365625 0.38125 0.0625 0.0703125
0 0.5375 0.365625 0.0484375 0.0484375
0 0.625 0.309375 0.0859375 0.0875
0 0.70625 0.4 0.071875 0.0859375
0 0.9109375 0.4015625 0.178125 0.2
2 0.071875 0.63125 0.128125 0.2828125
2 0.1375 0.55 0.1359375 0.2234375
2 0.26875 0.5859375 0.1328125 0.221875
2 0.378125 0.534375 0.1015625 0.1765625
2 0.5953125 0.584375 0.146875 0.2875
2 0.6984375 0.575 0.08125 0.2015625
2 0.89375 0.8125 0.2125 0.375