3 0.1953125 0.6171875 0.203125 0.765625
3 0.3796875 0.615625 0.16875 0.7140625
3 0.6015625 0.6421875 0.171875 0.715625
3 0.86171875 0.58671875 0.1828125 0.8265625
0 0.21875 0.2875 0.1234375 0.1109375
0 0.378125 0.296875 0.0640625 0.075
0 0.578125 0.321875 0.078125 0.0734375
0 0.8296875 0.234375 0.115625 0.1171875
2 0.859375 0.60625 0.184375 0.4171875
2 0.2 0.634375 0.196875 0.4578125
2 0.3796875 0.515625 0.140625 0.2734375
2 0.603125 0.6375 0.1609375 0.396875
2 0.865625 0.625 0.1671875 0.4296875