3 0.11875 0.6125 0.1703125 0.640625
3 0.340625 0.58125 0.1015625 0.55
3 0.4703125 0.5921875 0.084375 0.375
3 0.5671875 0.578125 0.0859375 0.390625
3 0.9 0.6125 0.0421875 0.1625
3 0.60625 0.665625 0.08125 0.159375
0 0.090625 0.328125 0.075 0.078125
0 0.35625 0.3375 0.0609375 0.059375
0 0.4609375 0.4234375 0.040625 0.046875
0 0.58125 0.4 0.028125 0.0421875
0 0.63125 0.6015625 0.0359375 0.040625
0 0.903125 0.540625 0.0171875 0.025
2 0.334375 0.503125 0.0890625 0.1921875
2 0.096875 0.51875 0.115625 0.2296875
2 0.465625 0.540625 0.075 0.1609375
2 0.5796875 0.53125 0.0671875 0.1671875
2 0.896875 0.590625 0.0390625 0.0640625