3 0.078125 0.61875 0.1015625 0.6140625
3 0.196875 0.6203125 0.1078125 0.634375
3 0.34375 0.6390625 0.0984375 0.6296875
3 0.4765625 0.646875 0.090625 0.5859375
3 0.571875 0.659375 0.0640625 0.525
3 0.6546875 0.65 0.078125 0.5421875
3 0.803125 0.621875 0.0765625 0.4859375
3 0.925 0.65 0.0890625 0.5234375
0 0.0703125 0.346875 0.046875 0.04375
0 0.2 0.3328125 0.0453125 0.0625
0 0.346875 0.35625 0.0421875 0.0546875
0 0.4515625 0.375 0.046875 0.05
0 0.403125 0.43125 0.0265625 0.034375
0 0.575 0.4234375 0.0296875 0.0484375
0 0.6546875 0.4015625 0.03125 0.06875
0 0.796875 0.421875 0.0265625 0.046875
0 0.928125 0.41875 0.0421875 0.0703125
2 0.0796875 0.525 0.096875 0.2109375
2 0.196875 0.51875 0.115625 0.23125
2 0.34375 0.534375 0.08125 0.203125
2 0.465625 0.5625 0.075 0.2109375
2 0.5765625 0.5796875 0.059375 0.2015625
2 0.653125 0.571875 0.0546875 0.1796875
2 0.796875 0.553125 0.0546875 0.1484375
2 0.9265625 0.6015625 0.090625 0.234375