3 0.2921875 0.659375 0.28125 0.6796875
3 0.490625 0.5984375 0.2140625 0.803125
3 0.6890625 0.640625 0.209375 0.5875
3 0.8609375 0.65625 0.2125 0.4078125
0 0.228125 0.4125 0.15625 0.1875
0 0.496875 0.253125 0.1015625 0.115625
0 0.68125 0.40625 0.0859375 0.10625
0 0.9125 0.49375 0.0796875 0.0875
0 0.95625 0.55625 0.059375 0.075
0 0.9140625 0.421875 0.06875 0.0703125
2 0.8375 0.6578125 0.1875 0.2375
2 0.68125 0.659375 0.184375 0.3515625
2 0.49375 0.6390625 0.2078125 0.434375
2 0.278125 0.740625 0.2421875 0.4109375