3 0.175 0.671875 0.1109375 0.59375
3 0.346875 0.659375 0.1140625 0.54375
3 0.5078125 0.6546875 0.08125 0.534375
3 0.6 0.65625 0.0828125 0.6
3 0.771875 0.671875 0.1046875 0.6453125
0 0.18125 0.409375 0.06875 0.0671875
0 0.33125 0.41875 0.059375 0.0609375
0 0.490625 0.415625 0.0453125 0.0546875
0 0.596875 0.3875 0.0609375 0.0625
0 0.7578125 0.390625 0.05625 0.0671875
2 0.165625 0.5625 0.075 0.171875
2 0.3421875 0.578125 0.09375 0.1953125
2 0.5078125 0.5484375 0.059375 0.15
2 0.6078125 0.55625 0.075 0.2
2 0.78125 0.559375 0.0890625 0.209375