3 0.146875 0.65 0.13125 0.4640625
3 0.35625 0.625 0.1359375 0.528125
3 0.521875 0.61875 0.1921875 0.4890625
3 0.671875 0.584375 0.1703125 0.3796875
3 0.83125 0.61875 0.159375 0.4484375
0 0.1375 0.43125 0.0515625 0.04375
0 0.3 0.4375 0.0359375 0.025
0 0.36875 0.38125 0.0421875 0.0484375
0 0.5 0.3984375 0.046875 0.0625
0 0.6421875 0.425 0.040625 0.0515625
0 0.79375 0.425 0.0421875 0.0546875
4 0.134375 0.5671875 0.0984375 0.1625
4 0.534375 0.5484375 0.121875 0.196875
4 0.659375 0.5640625 0.165625 0.203125
4 0.8296875 0.559375 0.13125 0.1734375