3 0.209375 0.640625 0.3796875 0.71875
3 0.45 0.6390625 0.3578125 0.721875
3 0.7578125 0.65 0.2125 0.4796875
3 0.790625 0.43125 0.140625 0.5171875
3 0.915625 0.478125 0.165625 0.5765625
3 0.45625 0.346875 0.1421875 0.478125
0 0.40625 0.34375 0.1515625 0.1140625
0 0.184375 0.384375 0.175 0.196875
0 0.334375 0.234375 0.0515625 0.0734375
0 0.5 0.15 0.0828125 0.09375
0 0.5546875 0.278125 0.040625 0.0453125
0 0.775 0.1953125 0.0703125 0.059375
0 0.88125 0.225 0.05625 0.0421875
0 0.753125 0.453125 0.0953125 0.0921875