3 0.134375 0.571875 0.184375 0.8546875
3 0.253125 0.565625 0.2109375 0.8671875
3 0.4890625 0.5796875 0.2 0.840625
3 0.7375 0.56796875 0.215625 0.8640625
3 0.9203125 0.603125 0.159375 0.7921875
0 0.153125 0.1890625 0.0859375 0.075
0 0.290625 0.171875 0.0953125 0.0890625
0 0.35625 0.21875 0.053125 0.0671875
0 0.50625 0.196875 0.09375 0.0875
0 0.721875 0.196875 0.109375 0.096875
0 0.85625 0.24375 0.053125 0.0546875
0 0.921875 0.23125 0.06875 0.053125
2 0.715625 0.525 0.209375 0.4078125
2 0.9234375 0.4875 0.153125 0.28125
2 0.50625 0.515625 0.190625 0.3875
2 0.271875 0.4625 0.1828125 0.2984375
2 0.11875 0.45 0.18125 0.3