0 0.41875 0.31875 0.0546875 0.04375
0 0.603125 0.325 0.0640625 0.0484375
0 0.334375 0.30625 0.025 0.01875
0 0.38125 0.3171875 0.03125 0.01875
0 0.23125 0.3296875 0.025 0.0203125
0 0.19375 0.3015625 0.0234375 0.01875
0 0.221875 0.3125 0.025 0.015625
0 0.36875 0.3 0.01875 0.0140625
4 0.6140625 0.446875 0.0890625 0.1578125
4 0.40625 0.453125 0.1078125 0.1703125
4 0.340625 0.3484375 0.03125 0.05625
4 0.209375 0.340625 0.0203125 0.0203125
4 0.1828125 0.359375 0.034375 0.0671875
2 0.21875 0.384375 0.0390625 0.0734375
2 0.3640625 0.3421875 0.0140625 0.0328125
2 0.3765625 0.371875 0.04375 0.0640625
3 0.1875 0.384375 0.04375 0.1828125
3 0.215625 0.390625 0.0390625 0.1703125
3 0.221875 0.40625 0.0421875 0.175
3 0.3328125 0.3796875 0.0546875 0.1703125
3 0.36875 0.38125 0.0359375 0.1734375
3 0.378125 0.34375 0.0359375 0.0703125
3 0.4015625 0.525 0.128125 0.459375
3 0.625 0.503125 0.115625 0.403125