3 0.321875 0.634375 0.0984375 0.153125
3 0.4921875 0.6296875 0.078125 0.2890625
3 0.5484375 0.65625 0.09375 0.296875
3 0.6359375 0.6578125 0.078125 0.309375
3 0.715625 0.5984375 0.06875 0.2375
3 0.79375 0.64375 0.109375 0.3890625
0 0.31875 0.58125 0.0375 0.059375
0 0.4625 0.5265625 0.040625 0.075
0 0.5171875 0.553125 0.040625 0.084375
0 0.640625 0.571875 0.0421875 0.0859375
0 0.6953125 0.5 0.01875 0.0421875
0 0.74375 0.50625 0.028125 0.05625
0 0.83125 0.5046875 0.0453125 0.09375
2 0.328125 0.6203125 0.0671875 0.078125
2 0.4875 0.553125 0.0546875 0.1328125
2 0.55625 0.571875 0.075 0.109375
2 0.6375 0.5578125 0.0703125 0.1171875
2 0.8 0.5453125 0.0734375 0.1765625