3 0.859375 0.6515625 0.0859375 0.584375
3 0.0828125 0.65234375 0.165625 0.6953125
3 0.2296875 0.6734375 0.128125 0.6421875
3 0.3421875 0.6375 0.09375 0.5640625
3 0.415625 0.6203125 0.075 0.5125
3 0.4828125 0.615625 0.05625 0.43125
3 0.5390625 0.6 0.053125 0.3953125
3 0.58125 0.5875 0.0359375 0.3515625
0 0.10625 0.34375 0.0875 0.078125
0 0.253125 0.39375 0.053125 0.071875
0 0.353125 0.38125 0.0515625 0.0546875
0 0.425 0.3875 0.040625 0.0453125
0 0.4828125 0.428125 0.040625 0.034375
0 0.5421875 0.425 0.034375 0.0375
0 0.58125 0.4234375 0.0328125 0.034375
0 0.81875 0.41875 0.04375 0.0625
0 0.8578125 0.384375 0.059375 0.053125
2 0.0796875 0.603125 0.159375 0.2765625
2 0.2328125 0.578125 0.11875 0.234375
2 0.340625 0.553125 0.084375 0.1875
2 0.41875 0.54375 0.0796875 0.1703125
2 0.48125 0.559375 0.0546875 0.1328125
2 0.54375 0.5375 0.059375 0.1140625
2 0.571875 0.521875 0.046875 0.1140625
2 0.815625 0.56875 0.0625 0.175
2 0.86875 0.60625 0.078125 0.2078125