3 0.33125 0.65625 0.0921875 0.5140625
3 0.453125 0.68125 0.11875 0.50625
3 0.275 0.384375 0.109375 0.459375
3 0.3765625 0.2984375 0.11875 0.3515625
3 0.4703125 0.3875 0.06875 0.3640625
3 0.5640625 0.409375 0.10625 0.4375
0 0.26875 0.19375 0.0484375 0.071875
0 0.3828125 0.1375 0.04375 0.0640625
0 0.4484375 0.240625 0.034375 0.0734375
0 0.5875 0.2625 0.0390625 0.0703125
0 0.3375 0.428125 0.0453125 0.059375
1 0.41875 0.446875 0.0328125 0.0515625
2 0.459375 0.559375 0.1140625 0.146875
2 0.3265625 0.5703125 0.075 0.175
2 0.25625 0.346875 0.0671875 0.1609375
2 0.38125 0.246875 0.0796875 0.1640625
2 0.4859375 0.3703125 0.065625 0.16875
2 0.5796875 0.365625 0.065625 0.171875