3 0.1859375 0.6328125 0.26875 0.734375
3 0.3546875 0.6703125 0.134375 0.659375
3 0.55625 0.62734375 0.215625 0.7453125
3 0.796875 0.646875 0.2734375 0.70625
0 0.759375 0.3515625 0.1328125 0.128125
0 0.20625 0.3375 0.1140625 0.1359375
0 0.390625 0.396875 0.096875 0.09375
0 0.559375 0.3546875 0.1140625 0.146875
0 0.690625 0.33125 0.0609375 0.0796875
2 0.796875 0.7078125 0.2859375 0.5109375
2 0.190625 0.7125 0.25 0.5515625
2 0.346875 0.6796875 0.1203125 0.36875
2 0.5484375 0.7046875 0.178125 0.471875