3 0.228125 0.6 0.2078125 0.715625
3 0.4234375 0.59375 0.171875 0.6875
3 0.6328125 0.575 0.1640625 0.7421875
3 0.88125 0.55625 0.1421875 0.640625
0 0.271875 0.275 0.0484375 0.0640625
0 0.625 0.2375 0.0703125 0.0546875
0 0.890625 0.265625 0.0484375 0.0625
2 0.2421875 0.490625 0.171875 0.3046875
2 0.425 0.4890625 0.159375 0.2625
2 0.628125 0.4875 0.1609375 0.2875
2 0.778125 0.39375 0.071875 0.1359375
2 0.8890625 0.46875 0.1265625 0.2265625
1 0.4359375 0.30625 0.05625 0.0984375
3 0.7875 0.45625 0.0890625 0.384375
0 0.78125 0.284375 0.0296875 0.046875
1 0.21875 0.30625 0.040625 0.0734375
0 0.690625 0.26875 0.0546875 0.06875
0 0.3390625 0.30625 0.04375 0.040625