3 0.203125 0.575 0.3203125 0.5890625
3 0.39375 0.325 0.2109375 0.6375
3 0.5125 0.7609375 0.5078125 0.321875
3 0.596875 0.5625 0.1703125 0.36875
3 0.759375 0.534375 0.2453125 0.4953125
0 0.228125 0.325 0.084375 0.103125
0 0.621875 0.421875 0.09375 0.0875
0 0.778125 0.3671875 0.0859375 0.153125
1 0.3625 0.0671875 0.0703125 0.109375
1 0.284375 0.69375 0.0703125 0.075
2 0.15 0.575 0.1859375 0.3359375
2 0.371875 0.2375 0.1546875 0.240625
2 0.596875 0.5375 0.1484375 0.1609375
2 0.3859375 0.703125 0.175 0.203125
4 0.7640625 0.371875 0.153125 0.1734375