3 0.434375 0.7578125 0.1515625 0.484375
3 0.375 0.70625 0.078125 0.4453125
3 0.6015625 0.7625 0.134375 0.475
3 0.8015625 0.74296875 0.1625 0.5140625
3 0.2671875 0.6421875 0.109375 0.378125
2 0.26875 0.56875 0.0703125 0.1359375
2 0.378125 0.7203125 0.0640625 0.315625
2 0.4484375 0.75625 0.125 0.3375
2 0.6078125 0.7640625 0.10625 0.26875
2 0.8 0.76875 0.1859375 0.3140625
0 0.6140625 0.55625 0.059375 0.0625
0 0.378125 0.5125 0.0546875 0.0640625
0 0.45625 0.54375 0.0609375 0.078125
0 0.81875 0.525 0.0671875 0.0859375