3 0.184375 0.575 0.2015625 0.3515625
3 0.29375 0.4859375 0.1171875 0.175
3 0.34375 0.4421875 0.0875 0.1625
3 0.7984375 0.715625 0.2875 0.5359375
3 0.68125 0.503125 0.1796875 0.2390625
3 0.6203125 0.478125 0.0859375 0.134375
1 0.74375 0.528125 0.0921875 0.15625
1 0.69375 0.428125 0.075 0.1046875
1 0.6125 0.440625 0.075 0.0640625
1 0.328125 0.39375 0.046875 0.0609375
1 0.290625 0.4375 0.0515625 0.0859375
1 0.215625 0.4546875 0.0609375 0.103125
2 0.175 0.584375 0.1671875 0.2359375
2 0.26875 0.5078125 0.0765625 0.1328125
2 0.321875 0.45 0.059375 0.0890625
4 0.825 0.75 0.2359375 0.3890625