3 0.4828125 0.6 0.2171875 0.8
3 0.121875 0.56875 0.24375 0.8625
3 0.89375 0.55625 0.1796875 0.6578125
3 0.78125 0.615625 0.1609375 0.7671875
3 0.671875 0.5328125 0.1265625 0.6125
3 0.253125 0.4875 0.115625 0.3765625
3 0.390625 0.503125 0.090625 0.5265625
0 0.1 0.203125 0.1671875 0.1375
0 0.471875 0.2578125 0.0734375 0.084375
0 0.390625 0.2875 0.0515625 0.053125
0 0.5921875 0.28125 0.046875 0.0546875
0 0.66875 0.253125 0.0546875 0.0578125
0 0.7796875 0.259375 0.075 0.06875
0 0.89375 0.2765625 0.1015625 0.0875
2 0.078125 0.546875 0.1546875 0.434375
2 0.2265625 0.4140625 0.078125 0.115625
2 0.478125 0.50625 0.2 0.2375
2 0.6625 0.425 0.10625 0.1703125
2 0.5875 0.403125 0.0984375 0.125
2 0.778125 0.53125 0.1296875 0.315625
2 0.9 0.534375 0.15 0.2703125