3 0.121875 0.6765625 0.1796875 0.646875
3 0.3546875 0.6984375 0.18125 0.603125
3 0.475 0.6875 0.0921875 0.496875
3 0.596875 0.653125 0.0671875 0.34375
3 0.6515625 0.6453125 0.071875 0.3296875
3 0.7359375 0.640625 0.096875 0.3546875
3 0.825 0.625 0.0890625 0.325
3 0.93125 0.634375 0.06875 0.3390625
0 0.1140625 0.390625 0.125 0.0859375
0 0.359375 0.4328125 0.078125 0.059375
0 0.4140625 0.459375 0.05 0.0546875
0 0.471875 0.471875 0.0390625 0.034375
0 0.603125 0.4921875 0.0265625 0.028125
0 0.73125 0.475 0.046875 0.028125
0 0.8390625 0.4875 0.040625 0.028125
0 0.890625 0.4875 0.0390625 0.0265625
0 0.9359375 0.490625 0.034375 0.0296875
2 0.115625 0.65625 0.159375 0.31875
2 0.3375 0.634375 0.1609375 0.278125
2 0.48125 0.596875 0.109375 0.171875
2 0.609375 0.6125 0.0625 0.1640625
2 0.665625 0.584375 0.053125 0.1359375
2 0.7375 0.596875 0.0796875 0.15625
2 0.8125 0.603125 0.059375 0.153125
2 0.890625 0.6 0.078125 0.1484375
2 0.9453125 0.603125 0.05 0.1375