3 0.121875 0.6375 0.1453125 0.5546875
3 0.271875 0.609375 0.0828125 0.525
3 0.3875 0.590625 0.0859375 0.4203125
3 0.509375 0.634375 0.1015625 0.546875
3 0.646875 0.590625 0.115625 0.4265625
3 0.715625 0.5 0.0734375 0.2734375
0 0.134375 0.390625 0.0640625 0.0625
0 0.278125 0.3734375 0.0421875 0.0546875
0 0.39375 0.403125 0.034375 0.034375
0 0.496875 0.3875 0.053125 0.05625
0 0.64375 0.39375 0.0453125 0.046875
0 0.6984375 0.3875 0.034375 0.03125
4 0.653125 0.51875 0.0515625 0.1625
4 0.121875 0.5625 0.11875 0.23125
4 0.271875 0.5125 0.0953125 0.1859375
4 0.38125 0.521875 0.0859375 0.1859375
4 0.5078125 0.5359375 0.103125 0.196875
4 0.64375 0.515625 0.071875 0.1546875
4 0.5484375 0.4578125 0.2359375 0.096875