3 0.53125 0.75546875 0.140625 0.4890625
3 0.3375 0.7359375 0.0953125 0.4453125
3 0.24375 0.55 0.165625 0.3125
3 0.178125 0.559375 0.1171875 0.2453125
3 0.14375 0.509375 0.1078125 0.2421875
0 0.165625 0.40625 0.025 0.028125
0 0.203125 0.453125 0.0375 0.028125
0 0.26875 0.40625 0.0359375 0.0296875
0 0.33125 0.5375 0.0484375 0.0546875
0 0.503125 0.55 0.0578125 0.0828125
4 0.515625 0.6859375 0.1046875 0.184375
4 0.1609375 0.478125 0.04375 0.09375
4 0.196875 0.521875 0.0453125 0.1078125
4 0.259375 0.490625 0.0546875 0.1234375
4 0.31875 0.653125 0.0703125 0.1625