3 0.36875 0.5953125 0.0765625 0.3265625
3 0.4828125 0.590625 0.09375 0.34375
3 0.609375 0.615625 0.0671875 0.284375
3 0.7578125 0.659375 0.065625 0.190625
3 0.8328125 0.659375 0.0875 0.1796875
3 0.9203125 0.6875 0.059375 0.1109375
3 0.971875 0.653125 0.05625 0.165625
0 0.378125 0.44375 0.04375 0.0390625
0 0.4625 0.425 0.0359375 0.0375
0 0.59375 0.4875 0.0359375 0.0375
0 0.7625 0.5796875 0.04375 0.0375
0 0.81875 0.584375 0.0390625 0.034375
0 0.9171875 0.65 0.0375 0.046875
0 0.9625 0.5875 0.046875 0.059375
2 0.971875 0.68125 0.0546875 0.090625
2 0.371875 0.546875 0.059375 0.125
2 0.484375 0.546875 0.0734375 0.1328125
2 0.609375 0.609375 0.059375 0.1578125
2 0.765625 0.69375 0.05 0.121875
2 0.83125 0.6859375 0.0859375 0.1296875
2 0.91875 0.70625 0.0421875 0.046875
2 0.971875 0.69375 0.05 0.1125