3 0.15 0.60625 0.290625 0.7875
3 0.340625 0.6296875 0.1203125 0.6453125
3 0.48125 0.6125 0.1046875 0.60625
3 0.59921875 0.66484375 0.1171875 0.6703125
3 0.7484375 0.615625 0.09375 0.690625
3 0.8375 0.665625 0.1234375 0.66875
1 0.190625 0.31875 0.0828125 0.196875
1 0.125 0.265625 0.0453125 0.1265625
1 0.31875 0.35 0.0453125 0.10625
1 0.46875 0.3453125 0.05 0.0953125
1 0.3828125 0.390625 0.028125 0.0515625
1 0.578125 0.325 0.0515625 0.0984375
1 0.54375 0.3703125 0.0421875 0.06875
1 0.609375 0.39375 0.0625 0.121875
1 0.6640625 0.384375 0.028125 0.0625
1 0.7125 0.3859375 0.021875 0.028125
1 0.740625 0.3078125 0.071875 0.10625
1 0.8390625 0.3984375 0.08125 0.1125
2 0.834375 0.55 0.11875 0.21875
2 0.7484375 0.459375 0.09375 0.1875
2 0.671875 0.459375 0.0703125 0.0921875
2 0.60625 0.54375 0.1171875 0.1953125
2 0.48125 0.4703125 0.1078125 0.1828125
2 0.3390625 0.48125 0.103125 0.190625
2 0.275 0.44375 0.0578125 0.1453125
2 0.153125 0.565625 0.2734375 0.328125