3 0.3 0.60625 0.2453125 0.7875
3 0.475 0.584375 0.1421875 0.60625
3 0.603125 0.6359375 0.2109375 0.728125
3 0.778125 0.578125 0.1484375 0.6296875
3 0.88046875 0.70859375 0.2328125 0.5828125
3 0.1484375 0.44375 0.2 0.6390625
0 0.29375 0.278125 0.0921875 0.1078125
0 0.321875 0.1046875 0.078125 0.0875
0 0.103125 0.1734375 0.0859375 0.071875
0 0.48125 0.325 0.0796875 0.09375
0 0.675 0.334375 0.0984375 0.11875
0 0.8 0.321875 0.10625 0.11875
0 0.9296875 0.4703125 0.115625 0.1
0 0.7671875 0.109375 0.0875 0.084375
0 0.540625 0.040625 0.0734375 0.0796875
4 0.540625 0.2 0.115625 0.2109375
4 0.1265625 0.3625 0.190625 0.2578125
4 0.3125 0.51875 0.2046875 0.3515625
4 0.4828125 0.503125 0.15625 0.29375
4 0.640625 0.5640625 0.1578125 0.35
4 0.8140625 0.4765625 0.146875 0.2578125
4 0.871875 0.68125 0.2078125 0.3578125
4 0.7671875 0.259375 0.15 0.1953125