3 0.390625 0.653125 0.1734375 0.6921875
3 0.58125 0.634375 0.1703125 0.7
3 0.253125 0.546875 0.0859375 0.415625
3 0.659375 0.53125 0.0859375 0.4109375
3 0.8421875 0.540625 0.071875 0.3765625
3 0.4953125 0.5375 0.0796875 0.3609375
0 0.259375 0.365625 0.0328125 0.0484375
0 0.315625 0.3703125 0.0296875 0.0421875
0 0.3765625 0.346875 0.05625 0.0625
0 0.4140625 0.3765625 0.03125 0.04375
0 0.490625 0.375 0.034375 0.04375
0 0.5625 0.31875 0.0671875 0.0703125
0 0.65 0.35 0.0390625 0.0515625
0 0.85 0.371875 0.03125 0.0421875
2 0.25625 0.4875 0.0921875 0.153125
2 0.3875 0.54375 0.15 0.2125
2 0.575 0.509375 0.1421875 0.2015625
2 0.653125 0.46875 0.0609375 0.14375
2 0.8484375 0.4703125 0.06875 0.109375