3 0.0984375 0.58125 0.1875 0.828125
3 0.196875 0.60625 0.2546875 0.7859375
3 0.540625 0.5828125 0.3984375 0.834375
3 0.8125 0.5703125 0.3234375 0.859375
3 0.58125 0.553125 0.14375 0.69375
3 0.303125 0.2828125 0.115625 0.346875
3 0.2375 0.10625 0.134375 0.2125
3 0.40625 0.2015625 0.1015625 0.403125
3 0.5171875 0.165625 0.134375 0.33125
0 0.765625 0.20625 0.10625 0.1125
0 0.109375 0.225 0.0984375 0.0890625
0 0.2125 0.265625 0.109375 0.1046875
0 0.275 0.140625 0.0609375 0.0671875
0 0.4375 0.2265625 0.103125 0.1375
1 0.5625 0.2765625 0.06875 0.1359375
2 0.09375 0.4859375 0.1671875 0.296875
2 0.2 0.59375 0.2296875 0.3171875
2 0.4671875 0.5625 0.2625 0.353125
2 0.765625 0.565625 0.2296875 0.428125
2 0.56875 0.459375 0.1328125 0.2796875
2 0.2390625 0.1109375 0.11875 0.15625
2 0.3984375 0.1359375 0.09375 0.1625
0 0.421875 0.128125 0.071875 0.090625
2 0.509375 0.1375 0.1171875 0.1765625