3 0.6359375 0.5921875 0.44375 0.815625
3 0.24375 0.67109375 0.353125 0.6578125
3 0.0875 0.7171875 0.1140625 0.565625
3 0.434375 0.690625 0.15 0.6171875
3 0.578125 0.684375 0.178125 0.63125
3 0.89921875 0.68671875 0.1296875 0.6265625
0 0.934375 0.421875 0.1 0.0984375
0 0.696875 0.2703125 0.15625 0.15625
0 0.596875 0.4125 0.0859375 0.08125
0 0.471875 0.43125 0.10625 0.0890625
0 0.24375 0.428125 0.1890625 0.175
0 0.09375 0.459375 0.0609375 0.0546875
2 0.75625 0.671875 0.1578125 0.5328125
2 0.890625 0.696875 0.16875 0.328125
2 0.5765625 0.640625 0.15625 0.2890625
2 0.4375 0.74375 0.1515625 0.3765625
2 0.196875 0.8140625 0.240625 0.371875
2 0.0828125 0.6375 0.09375 0.1953125