3 0.13125 0.559375 0.1375 0.5453125
3 0.053125 0.55546875 0.10625 0.5546875
3 0.334375 0.5765625 0.1625 0.5125
3 0.509375 0.575 0.1875 0.515625
3 0.696875 0.55625 0.1515625 0.5546875
3 0.8234375 0.575 0.14375 0.5140625
1 0.0640625 0.3109375 0.084375 0.0484375
1 0.146875 0.3140625 0.090625 0.05
1 0.34375 0.3375 0.0578125 0.0296875
1 0.5078125 0.3375 0.0734375 0.0390625
1 0.6875 0.30625 0.08125 0.05
1 0.809375 0.340625 0.0734375 0.0390625
2 0.8125 0.528125 0.0953125 0.2296875
2 0.7046875 0.5359375 0.115625 0.290625
2 0.503125 0.5359375 0.14375 0.2390625
2 0.3375 0.5046875 0.1140625 0.1875
2 0.1375 0.5140625 0.121875 0.24375
2 0.040625 0.5453125 0.08125 0.340625