0 0.365625 0.265625 0.1140625 0.0953125
0 0.7421875 0.3078125 0.146875 0.0984375
0 0.471875 0.178125 0.075 0.0609375
1 0.26875 0.4625 0.1078125 0.0578125
1 0.5046875 0.3828125 0.1125 0.0453125
2 0.30625 0.70625 0.19375 0.25625
2 0.521875 0.6390625 0.215625 0.265625
2 0.7671875 0.615625 0.13125 0.3578125
4 0.3359375 0.46875 0.1890625 0.2328125
2 0.4609375 0.3 0.1140625 0.1375
3 0.475 0.259375 0.15625 0.2234375
3 0.7484375 0.6296875 0.16875 0.740625
3 0.534375 0.678125 0.271875 0.6421875
3 0.32265625 0.71484375 0.2578125 0.5703125
3 0.328125 0.4109375 0.275 0.3921875