3 0.1265625 0.5 0.253125 0.9984375
3 0.35 0.5625 0.253125 0.875
3 0.484375 0.8125 0.2625 0.375
3 0.590625 0.509375 0.3078125 0.98125
3 0.8625 0.5 0.2734375 0.9984375
0 0.134375 0.065625 0.146875 0.1296875
0 0.35625 0.1875 0.1359375 0.1328125
0 0.58125 0.075 0.1328125 0.1328125
0 0.83359375 0.0625 0.1671875 0.125
0 0.4765625 0.69375 0.1359375 0.1390625
4 0.115625 0.446875 0.2171875 0.484375
2 0.578125 0.515625 0.234375 0.5109375
2 0.48671875 0.91171875 0.2140625 0.1765625
4 0.359375 0.55625 0.225 0.465625
4 0.86875 0.51875 0.2609375 0.5859375