3 0.2 0.640625 0.1515625 0.621875
3 0.3234375 0.678125 0.1265625 0.5546875
3 0.43125 0.6296875 0.1453125 0.65
3 0.55 0.659375 0.128125 0.590625
3 0.7125 0.653125 0.1609375 0.603125
3 0.840625 0.6875 0.109375 0.5375
0 0.1828125 0.359375 0.05625 0.0609375
0 0.2625 0.41875 0.040625 0.053125
0 0.3265625 0.4375 0.0515625 0.06875
0 0.4046875 0.409375 0.0390625 0.0484375
0 0.44375 0.340625 0.053125 0.084375
0 0.55 0.4015625 0.0625 0.084375
0 0.70625 0.375 0.0515625 0.0546875
0 0.846875 0.45 0.0546875 0.05625
4 0.2 0.578125 0.1078125 0.2515625
4 0.31875 0.625 0.08125 0.25
4 0.428125 0.5625 0.096875 0.2828125
4 0.54375 0.6015625 0.0921875 0.2421875
4 0.7 0.5984375 0.1109375 0.2546875
4 0.8390625 0.675 0.0828125 0.2578125