0 0.515625 0.31875 0.1625 0.1171875
1 0.35625 0.484375 0.009375 0.00625
1 0.30625 0.4765625 0.0109375 0.0078125
1 0.2953125 0.484375 0.009375 0.00625
2 0.3578125 0.5125 0.0171875 0.0234375
2 0.3125 0.5 0.0125 0.021875
2 0.29375 0.5078125 0.01875 0.021875
3 0.29375 0.525 0.028125 0.0875
3 0.3109375 0.49375 0.0203125 0.0421875
3 0.3375 0.503125 0.025 0.05
2 0.3390625 0.503125 0.0203125 0.0265625
2 0.3578125 0.51875 0.0234375 0.0765625
4 0.4828125 0.6453125 0.28125 0.421875
3 0.578125 0.55625 0.4890625 0.6015625