0 0.54375 0.35625 0.06875 0.0609375
0 0.221875 0.35625 0.1234375 0.125
0 0.409375 0.375 0.0734375 0.05625
0 0.853125 0.275 0.134375 0.0875
1 0.6625 0.36875 0.075 0.0375
1 0.303125 0.371875 0.053125 0.0484375
2 0.1234375 0.584375 0.1984375 0.3546875
2 0.2578125 0.5671875 0.0390625 0.2265625
2 0.390625 0.5234375 0.1 0.1671875
2 0.546875 0.503125 0.1109375 0.1578125
2 0.7171875 0.5453125 0.1046875 0.2078125
2 0.896875 0.5453125 0.1875 0.3109375
3 0.8875 0.53125 0.2234375 0.6015625
3 0.678125 0.590625 0.184375 0.484375
3 0.546875 0.5609375 0.1640625 0.4734375
3 0.38125 0.5875 0.1453125 0.490625
3 0.271875 0.5890625 0.115625 0.4875
3 0.14375 0.5625 0.2640625 0.5390625