3 0.134375 0.584375 0.13125 0.56875
3 0.2421875 0.5828125 0.1 0.4875
3 0.3421875 0.5546875 0.0640625 0.46875
3 0.4328125 0.540625 0.125 0.403125
3 0.6 0.5375 0.096875 0.4
3 0.728125 0.5484375 0.1265625 0.428125
3 0.91875 0.515625 0.128125 0.5234375
0 0.134375 0.3265625 0.0609375 0.05625
0 0.246875 0.35625 0.05 0.0546875
0 0.3625 0.3328125 0.0453125 0.046875
0 0.4390625 0.3515625 0.040625 0.0421875
0 0.5984375 0.3578125 0.0359375 0.046875
0 0.721875 0.353125 0.0484375 0.046875
0 0.915625 0.28125 0.05 0.0578125
2 0.9140625 0.421875 0.0765625 0.1390625
2 0.134375 0.496875 0.0875 0.1859375
2 0.253125 0.490625 0.0546875 0.1609375
2 0.3484375 0.45625 0.0484375 0.1671875
2 0.4359375 0.4328125 0.0625 0.121875
2 0.5953125 0.4640625 0.0625 0.109375
2 0.728125 0.465625 0.075 0.1140625