3 0.4484375 0.56171875 0.38125 0.8765625
3 0.140625 0.7 0.134375 0.6
3 0.246875 0.703125 0.1046875 0.59375
3 0.65859375 0.64609375 0.1953125 0.7078125
3 0.86796875 0.6125 0.2640625 0.775
0 0.140625 0.4375 0.0625 0.08125
0 0.23125 0.44375 0.040625 0.053125
0 0.5 0.25 0.1328125 0.1625
0 0.6703125 0.334375 0.0828125 0.0875
0 0.746875 0.396875 0.0578125 0.053125
0 0.859375 0.290625 0.1421875 0.1328125
2 0.49375 0.703125 0.2234375 0.5859375
2 0.7 0.703125 0.2140625 0.4875
2 0.88125 0.7046875 0.2109375 0.534375
2 0.14375 0.6203125 0.1140625 0.2078125
2 0.2375 0.625 0.0921875 0.2