3 0.1765625 0.69296875 0.134375 0.6140625
3 0.29375 0.68125 0.11875 0.590625
3 0.3984375 0.671875 0.1375 0.621875
3 0.503125 0.665625 0.1265625 0.54375
3 0.6125 0.66875 0.1171875 0.5390625
3 0.71875 0.665625 0.1203125 0.5609375
3 0.834375 0.659375 0.1359375 0.5609375
3 0.65 0.471875 0.1046875 0.2171875
0 0.190625 0.41875 0.0734375 0.05625
0 0.290625 0.4125 0.0609375 0.0484375
0 0.4015625 0.3875 0.05 0.0546875
0 0.5 0.41875 0.0390625 0.0375
0 0.2546875 0.346875 0.053125 0.053125
0 0.3578125 0.340625 0.046875 0.04375
0 0.528125 0.359375 0.0515625 0.0453125
0 0.6 0.4234375 0.0421875 0.053125
0 0.64375 0.3875 0.05625 0.0515625
0 0.7140625 0.409375 0.053125 0.0453125
0 0.796875 0.40625 0.0578125 0.046875
4 0.190625 0.596875 0.1015625 0.221875
4 0.284375 0.565625 0.0953125 0.1984375
4 0.4 0.5625 0.0953125 0.203125
4 0.5984375 0.578125 0.090625 0.2078125
4 0.721875 0.5671875 0.0859375 0.184375
2 0.81875 0.559375 0.09375 0.184375
2 0.503125 0.575 0.0921875 0.1953125