3 0.14375 0.509375 0.1671875 0.6
3 0.3265625 0.5734375 0.1453125 0.853125
3 0.5359375 0.4578125 0.0953125 0.446875
3 0.61875 0.459375 0.0984375 0.5296875
3 0.690625 0.51875 0.1890625 0.646875
0 0.11875 0.2375 0.0609375 0.0421875
0 0.3296875 0.1875 0.0953125 0.0828125
0 0.534375 0.25625 0.03125 0.040625
0 0.603125 0.225 0.046875 0.0484375
0 0.725 0.23125 0.071875 0.0765625
2 0.11875 0.428125 0.1078125 0.1953125
2 0.31875 0.4875 0.1328125 0.2828125
2 0.525 0.3921875 0.0609375 0.1421875
2 0.621875 0.409375 0.0859375 0.2328125
2 0.7203125 0.4375 0.1046875 0.259375