1 0.4765625 0.146875 0.05625 0.0296875
1 0.565625 0.2484375 0.1796875 0.1484375
1 0.828125 0.2625 0.3421875 0.2578125
1 0.671875 0.1375 0.0421875 0.0234375
1 0.175 0.2609375 0.1203125 0.0734375
2 0.675 0.228125 0.071875 0.096875
2 0.475 0.246875 0.0671875 0.103125
2 0.6140625 0.5296875 0.253125 0.334375
2 0.9125 0.7109375 0.1703125 0.328125
2 0.2421875 0.5421875 0.24375 0.3296875
3 0.2359375 0.5484375 0.290625 0.653125
3 0.8296875 0.50625 0.3375 0.7390625
3 0.675 0.215625 0.0796875 0.18125
3 0.48125 0.2875 0.1125 0.315625
3 0.6484375 0.525 0.340625 0.7015625