3 0.1140625 0.54375 0.19375 0.903125
3 0.440625 0.5203125 0.1328125 0.621875
3 0.5640625 0.5484375 0.13125 0.5640625
3 0.696875 0.540625 0.1390625 0.625
3 0.85 0.546875 0.140625 0.671875
0 0.10625 0.1375 0.1078125 0.0859375
0 0.4375 0.23125 0.05625 0.0421875
0 0.565625 0.29375 0.0515625 0.046875
0 0.6953125 0.2578125 0.05625 0.0546875
0 0.8328125 0.24375 0.065625 0.0671875
4 0.096875 0.425 0.1421875 0.340625
4 0.4296875 0.40625 0.08125 0.21875
4 0.5671875 0.4734375 0.08125 0.228125
4 0.6953125 0.45 0.06875 0.2296875
4 0.846875 0.45625 0.115625 0.2578125