3 0.1015625 0.70625 0.175 0.5875
3 0.2359375 0.7046875 0.146875 0.590625
3 0.3765625 0.696875 0.1703125 0.60625
3 0.490625 0.6953125 0.2265625 0.609375
3 0.6796875 0.690625 0.175 0.6171875
3 0.7953125 0.7171875 0.1328125 0.565625
3 0.9125 0.7125 0.1515625 0.5734375
0 0.1125 0.44375 0.0671875 0.0703125
0 0.2453125 0.44375 0.06875 0.0671875
0 0.39375 0.4234375 0.065625 0.0625
0 0.5328125 0.41875 0.06875 0.059375
0 0.665625 0.4125 0.0640625 0.046875
0 0.796875 0.4625 0.0671875 0.0609375
0 0.9015625 0.45625 0.0703125 0.0609375
2 0.103125 0.621875 0.14375 0.190625
2 0.240625 0.6171875 0.134375 0.196875
2 0.38125 0.6 0.14375 0.1921875
2 0.5265625 0.578125 0.1171875 0.2140625
2 0.675 0.5828125 0.121875 0.209375
2 0.796875 0.6375 0.1265625 0.2078125
2 0.91875 0.63125 0.1484375 0.1734375