3 0.20625 0.55 0.2 0.7203125
3 0.4703125 0.54375 0.165625 0.65625
3 0.3875 0.528125 0.0953125 0.5484375
3 0.621875 0.4859375 0.1234375 0.565625
3 0.7296875 0.440625 0.14375 0.5875
0 0.2109375 0.221875 0.05625 0.0578125
0 0.3921875 0.28125 0.0609375 0.0453125
0 0.459375 0.25625 0.0609375 0.078125
0 0.6109375 0.240625 0.059375 0.0703125
0 0.7234375 0.175 0.0625 0.0671875
4 0.73125 0.353125 0.1015625 0.2109375
4 0.6234375 0.390625 0.1140625 0.2140625
4 0.4640625 0.43125 0.11875 0.2328125
4 0.39375 0.44375 0.0671875 0.221875
4 0.2078125 0.41875 0.1265625 0.25625