3 0.1328125 0.4984375 0.1296875 0.715625
3 0.26875 0.4203125 0.1359375 0.7359375
3 0.490625 0.425 0.0796875 0.60625
3 0.665625 0.4265625 0.1171875 0.5671875
3 0.7984375 0.353125 0.0609375 0.3796875
3 0.8734375 0.421875 0.0640625 0.4234375
1 0.86875 0.25625 0.034375 0.0734375
1 0.28125 0.196875 0.053125 0.0828125
1 0.1171875 0.2046875 0.071875 0.13125
1 0.028125 0.2125 0.053125 0.1296875
1 0.503125 0.225 0.0390625 0.109375
1 0.6640625 0.253125 0.0375 0.084375
1 0.803125 0.2171875 0.021875 0.05625
1 0.871875 0.25 0.025 0.0734375
2 0.6609375 0.3984375 0.053125 0.2296875
2 0.2734375 0.34375 0.0625 0.253125
2 0.134375 0.390625 0.11875 0.2625
2 0.496875 0.353125 0.08125 0.1859375
2 0.8765625 0.35625 0.08125 0.165625
1 0.584375 0.209375 0.0359375 0.0703125
2 0.571875 0.275 0.05625 0.1046875
3 0.5765625 0.3625 0.059375 0.3796875
1 0.359375 0.1828125 0.025 0.0453125
2 0.35625 0.2625 0.0625 0.125
3 0.3578125 0.3265625 0.075 0.3390625