3 0.7640625 0.715625 0.471875 0.56875
3 0.1234375 0.3890625 0.246875 0.5515625
3 0.38125 0.4234375 0.29375 0.603125
3 0.596875 0.496875 0.2703125 0.6984375
0 0.10625 0.146875 0.134375 0.0625
0 0.3578125 0.153125 0.15625 0.0890625
0 0.596875 0.1890625 0.190625 0.084375
0 0.840625 0.253125 0.2203125 0.0875
0 0.89921875 0.37421875 0.2015625 0.1078125
0 0.8875 0.5 0.225 0.1578125
2 0.765625 0.85 0.465625 0.296875
2 0.1234375 0.31875 0.2203125 0.203125
2 0.35625 0.340625 0.2640625 0.23125
2 0.5875 0.4328125 0.1875 0.3421875