3 0.053125 0.5 0.10625 1
3 0.171875 0.5140625 0.2203125 0.971875
3 0.446875 0.39375 0.171875 0.7359375
3 0.5875 0.359375 0.0875 0.503125
3 0.8140625 0.4984375 0.165625 0.996875
1 0.153125 0.14375 0.0953125 0.2296875
1 0.046875 0.0984375 0.09375 0.196875
1 0.465625 0.084375 0.0828125 0.125
1 0.590625 0.15625 0.05 0.0953125
1 0.8421875 0.084375 0.0953125 0.16875
1 0.959375 0.3421875 0.059375 0.0953125
2 0.146875 0.45 0.2 0.503125
2 0.0453125 0.31875 0.090625 0.3671875
2 0.45 0.2921875 0.159375 0.35
2 0.58125 0.2640625 0.0859375 0.2203125
2 0.796875 0.303125 0.128125 0.3984375