3 0.134375 0.490625 0.2671875 0.8875
3 0.634375 0.5265625 0.2109375 0.8109375
3 0.740625 0.45 0.15 0.6359375
3 0.859375 0.49375 0.15625 0.5140625
3 0.3703125 0.4625 0.103125 0.5640625
0 0.1546875 0.103125 0.109375 0.115625
0 0.70625 0.18125 0.075 0.121875
0 0.784375 0.203125 0.0671875 0.115625
0 0.903125 0.2875 0.05625 0.0875
0 0.38125 0.20625 0.0625 0.05625
2 0.1015625 0.328125 0.203125 0.35625
2 0.3625 0.3625 0.08125 0.203125
2 0.6078125 0.3625 0.1375 0.303125
2 0.85625 0.375 0.11875 0.1953125
2 0.7109375 0.346875 0.0890625 0.25625