3 0.175 0.509375 0.2 0.4859375
3 0.25625 0.321875 0.1265625 0.4015625
3 0.421875 0.4546875 0.2734375 0.8375
3 0.5453125 0.4875 0.1671875 0.584375
3 0.796875 0.584375 0.2015625 0.71875
2 0.153125 0.3875 0.14375 0.1578125
2 0.25 0.2875 0.1109375 0.1859375
2 0.40625 0.328125 0.1828125 0.3171875
2 0.534375 0.3625 0.1234375 0.2734375
2 0.828125 0.459375 0.1234375 0.2171875
1 0.771875 0.46875 0.0390625 0.05625
1 0.2296875 0.165625 0.0453125 0.0796875
1 0.234375 0.3296875 0.075 0.0953125
1 0.790625 0.2875 0.084375 0.1
0 0.4265625 0.0875 0.0734375 0.09375