3 0.40625 0.628125 0.1078125 0.2390625
3 0.603125 0.66875 0.1796875 0.2640625
3 0.734375 0.56875 0.1296875 0.1859375
3 0.553125 0.509375 0.0828125 0.1
0 0.434375 0.521875 0.034375 0.0328125
1 0.6171875 0.559375 0.053125 0.0359375
1 0.534375 0.48125 0.0109375 0.015625
1 0.7671875 0.496875 0.0328125 0.028125
2 0.4234375 0.5953125 0.090625 0.1015625
2 0.6 0.615625 0.1109375 0.0984375
2 0.7515625 0.5375 0.0859375 0.078125
2 0.559375 0.478125 0.0515625 0.0234375
3 0.325 0.678125 0.1171875 0.1015625
3 0.48125 0.6640625 0.0578125 0.1265625
1 0.4921875 0.61875 0.0375 0.0296875
2 0.478125 0.675 0.0375 0.0703125