3 0.059375 0.515625 0.115625 0.784375
3 0.165625 0.525 0.1265625 0.778125
3 0.29375 0.484375 0.1734375 0.7515625
3 0.7125 0.4171875 0.1453125 0.2515625
3 0.86875 0.4 0.10625 0.4859375
1 0.0453125 0.16875 0.059375 0.0796875
1 0.140625 0.190625 0.06875 0.1171875
1 0.259375 0.159375 0.05625 0.10625
1 0.884375 0.2171875 0.04375 0.0875
2 0.721875 0.3640625 0.1125 0.153125
2 0.059375 0.3390625 0.109375 0.2328125
2 0.16875 0.371875 0.1 0.2828125
2 0.284375 0.346875 0.121875 0.24375
2 0.8734375 0.325 0.0875 0.171875